22.00 -22.00 -33.00 32.00 38.00 -6.00 0.00 0.00 0.00 0.00 0.00 0.00 0.00 0.00 0.00 0.00 -44.00 -11.00 0.00 0.00 0.00 0.00 0.00 0.00 0.00 0.00 0.00 0.00 0.00 0.00 0.00 0.00 0.00 0.00 0.00 0.00 0.00 0.00 0.00 0.00 
22.00 -22.00 -33.00 32.00 38.00 -6.00 0.00 0.00 -1.00 0.00 0.00 0.00 0.00 0.00 0.00 0.00 -44.00 -11.00 0.00 0.00 44.00 -2.00 0.00 0.00 0.00 0.00 0.00 0.00 0.00 0.00 0.00 0.00 0.00 0.00 0.00 0.00 0.00 0.00 0.00 0.00 
22.00 -22.00 -33.00 32.00 38.00 -6.00 0.00 0.00 -1.00 0.00 0.00 0.00 0.00 0.00 0.00 0.00 -44.00 -11.00 0.00 0.00 -31.00 -39.00 0.00 0.00 0.00 0.00 0.00 0.00 0.00 0.00 0.00 0.00 0.00 0.00 0.00 0.00 0.00 0.00 0.00 0.00 
22.00 -22.00 -33.00 32.00 38.00 -6.00 0.00 0.00 -1.00 0.00 0.00 0.00 0.00 0.00 0.00 0.00 -44.00 -11.00 0.00 0.00 37.00 -7.00 0.00 0.00 0.00 0.00 0.00 0.00 0.00 0.00 0.00 0.00 0.00 0.00 0.00 0.00 0.00 0.00 0.00 0.00 
22.00 -22.00 -33.00 32.00 38.00 -6.00 0.00 0.00 -1.00 0.00 0.00 0.00 0.00 0.00 0.00 0.00 -44.00 -11.00 0.00 0.00 -4.00 -7.00 0.00 0.00 0.00 0.00 0.00 0.00 0.00 0.00 0.00 0.00 0.00 0.00 0.00 0.00 0.00 0.00 0.00 0.00 
22.00 -22.00 -33.00 32.00 38.00 -6.00 0.00 0.00 -1.00 0.00 0.00 0.00 0.00 0.00 0.00 0.00 -44.00 -11.00 0.00 0.00 37.00 -7.00 0.00 0.00 0.00 0.00 0.00 0.00 0.00 0.00 0.00 0.00 0.00 0.00 0.00 0.00 0.00 0.00 0.00 0.00 
22.00 -22.00 -33.00 32.00 38.00 -6.00 0.00 0.00 -1.00 0.00 0.00 0.00 0.00 0.00 0.00 0.00 -44.00 -11.00 0.00 0.00 -4.00 -7.00 0.00 0.00 0.00 0.00 0.00 0.00 0.00 0.00 0.00 0.00 0.00 0.00 0.00 0.00 0.00 0.00 0.00 0.00 
22.00 -22.00 -33.00 32.00 38.00 -6.00 0.00 0.00 -51.00 13.00 0.00 0.00 0.00 0.00 0.00 0.00 -44.00 -11.00 0.00 0.00 -4.00 -7.00 0.00 0.00 0.00 0.00 0.00 0.00 0.00 0.00 0.00 0.00 0.00 0.00 0.00 0.00 0.00 0.00 0.00 0.00 
22.00 -22.00 -33.00 32.00 38.00 -6.00 0.00 0.00 31.00 7.00 0.00 0.00 0.00 0.00 0.00 0.00 -44.00 -11.00 0.00 0.00 -4.00 -7.00 0.00 0.00 0.00 0.00 0.00 0.00 0.00 0.00 0.00 0.00 0.00 0.00 0.00 0.00 0.00 0.00 0.00 0.00 
22.00 -22.00 -33.00 32.00 38.00 -6.00 0.00 0.00 -51.00 13.00 0.00 0.00 0.00 0.00 0.00 0.00 -44.00 -11.00 0.00 0.00 -4.00 -7.00 0.00 0.00 0.00 0.00 0.00 0.00 0.00 0.00 0.00 0.00 0.00 0.00 0.00 0.00 0.00 0.00 0.00 0.00 
22.00 -22.00 -33.00 32.00 38.00 -6.00 0.00 0.00 31.00 7.00 0.00 0.00 0.00 0.00 0.00 0.00 -44.00 -11.00 0.00 0.00 -4.00 -7.00 0.00 0.00 0.00 0.00 0.00 0.00 0.00 0.00 0.00 0.00 0.00 0.00 0.00 0.00 0.00 0.00 0.00 0.00 
22.00 -22.00 -33.00 32.00 38.00 -6.00 0.00 0.00 -51.00 13.00 0.00 0.00 0.00 0.00 0.00 0.00 -44.00 -11.00 0.00 0.00 -4.00 -7.00 0.00 0.00 0.00 0.00 0.00 0.00 0.00 0.00 0.00 0.00 0.00 0.00 0.00 0.00 0.00 0.00 0.00 0.00 
22.00 -22.00 -33.00 32.00 38.00 -6.00 0.00 0.00 31.00 7.00 0.00 0.00 0.00 0.00 0.00 0.00 -44.00 -11.00 0.00 0.00 -4.00 -7.00 0.00 0.00 0.00 0.00 0.00 0.00 0.00 0.00 0.00 0.00 0.00 0.00 0.00 0.00 0.00 0.00 0.00 0.00 
22.00 -22.00 -33.00 32.00 38.00 -6.00 0.00 0.00 -53.00 16.00 0.00 0.00 0.00 0.00 0.00 0.00 -44.00 -11.00 0.00 0.00 -4.00 -7.00 0.00 0.00 0.00 0.00 0.00 0.00 0.00 0.00 0.00 0.00 0.00 0.00 0.00 0.00 0.00 0.00 0.00 0.00 
22.00 -22.00 -33.00 32.00 38.00 -6.00 0.00 0.00 40.00 -9.00 0.00 0.00 0.00 0.00 0.00 0.00 -44.00 -11.00 0.00 0.00 -4.00 -7.00 0.00 0.00 0.00 0.00 0.00 0.00 0.00 0.00 0.00 0.00 0.00 0.00 0.00 0.00 0.00 0.00 0.00 0.00 
22.00 -22.00 -33.00 32.00 38.00 -6.00 0.00 0.00 3.00 -7.00 0.00 0.00 0.00 0.00 0.00 0.00 -44.00 -11.00 0.00 0.00 -4.00 -7.00 0.00 0.00 0.00 0.00 0.00 0.00 0.00 0.00 0.00 0.00 0.00 0.00 0.00 0.00 0.00 0.00 0.00 0.00 
52.00 -11.00 -33.00 32.00 38.00 -6.00 0.00 0.00 3.00 -7.00 0.00 0.00 0.00 0.00 0.00 0.00 -15.00 -10.00 0.00 0.00 -4.00 -7.00 38.00 2.00 -42.00 -10.00 22.00 1.00 0.00 0.00 0.00 0.00 0.00 0.00 0.00 0.00 0.00 0.00 0.00 0.00 
52.00 -11.00 -33.00 32.00 38.00 -6.00 0.00 0.00 3.00 -7.00 0.00 0.00 0.00 0.00 0.00 0.00 -74.00 -25.00 0.00 0.00 -4.00 -7.00 38.00 2.00 -42.00 -10.00 22.00 1.00 0.00 0.00 0.00 0.00 0.00 0.00 0.00 0.00 0.00 0.00 0.00 0.00 
52.00 -11.00 -33.00 32.00 38.00 -6.00 0.00 0.00 3.00 -7.00 0.00 0.00 0.00 0.00 0.00 0.00 -23.00 24.00 0.00 0.00 -4.00 -7.00 38.00 2.00 -42.00 -10.00 22.00 1.00 0.00 0.00 0.00 0.00 0.00 0.00 0.00 0.00 0.00 0.00 0.00 0.00 
52.00 -11.00 -33.00 32.00 38.00 -6.00 0.00 0.00 3.00 -7.00 0.00 0.00 0.00 0.00 0.00 0.00 -74.00 -25.00 0.00 0.00 -4.00 -7.00 38.00 2.00 -42.00 -10.00 22.00 1.00 0.00 0.00 0.00 0.00 0.00 0.00 0.00 0.00 0.00 0.00 0.00 0.00 
52.00 -11.00 -33.00 32.00 38.00 -6.00 0.00 0.00 3.00 -7.00 0.00 0.00 0.00 0.00 0.00 0.00 -23.00 24.00 0.00 0.00 -4.00 -7.00 38.00 2.00 -42.00 -10.00 22.00 1.00 0.00 0.00 0.00 0.00 0.00 0.00 0.00 0.00 0.00 0.00 0.00 0.00 
52.00 -11.00 -33.00 32.00 38.00 -6.00 0.00 0.00 3.00 -7.00 0.00 0.00 0.00 0.00 0.00 0.00 -71.00 -43.00 0.00 0.00 -4.00 -7.00 38.00 2.00 -42.00 -10.00 22.00 1.00 0.00 0.00 0.00 0.00 0.00 0.00 0.00 0.00 0.00 0.00 0.00 0.00 
-55.00 16.00 -33.00 32.00 10.00 11.00 0.00 0.00 3.00 -7.00 -46.00 -5.00 49.00 -4.00 -81.00 -6.00 -53.00 -27.00 0.00 0.00 -4.00 -7.00 -3.00 -11.00 3.00 15.00 -3.00 -3.00 0.00 0.00 0.00 0.00 0.00 0.00 0.00 0.00 0.00 0.00 0.00 0.00 
-55.00 16.00 -33.00 32.00 50.00 -29.00 0.00 0.00 3.00 -7.00 -46.00 -5.00 49.00 -4.00 -81.00 -6.00 -53.00 -27.00 0.00 0.00 -4.00 -7.00 -3.00 -11.00 3.00 15.00 -3.00 -3.00 0.00 0.00 0.00 0.00 0.00 0.00 0.00 0.00 0.00 0.00 0.00 0.00 
-55.00 16.00 -33.00 32.00 7.00 15.00 0.00 0.00 3.00 -7.00 -46.00 -5.00 49.00 -4.00 -81.00 -6.00 -53.00 -27.00 0.00 0.00 -4.00 -7.00 -3.00 -11.00 3.00 15.00 -3.00 -3.00 0.00 0.00 0.00 0.00 0.00 0.00 0.00 0.00 0.00 0.00 0.00 0.00 
-55.00 16.00 -33.00 32.00 53.00 -51.00 0.00 0.00 3.00 -7.00 -46.00 -5.00 49.00 -4.00 -81.00 -6.00 -53.00 -27.00 0.00 0.00 -4.00 -7.00 -3.00 -11.00 3.00 15.00 -3.00 -3.00 0.00 0.00 0.00 0.00 0.00 0.00 0.00 0.00 0.00 0.00 0.00 0.00 
-55.00 16.00 -33.00 32.00 35.00 -33.00 0.00 0.00 3.00 -7.00 -46.00 -5.00 49.00 -4.00 -81.00 -6.00 -53.00 -27.00 0.00 0.00 -4.00 -7.00 -3.00 -11.00 3.00 15.00 -3.00 -3.00 0.00 0.00 0.00 0.00 0.00 0.00 0.00 0.00 0.00 0.00 0.00 0.00 
-55.00 16.00 -33.00 32.00 53.00 -51.00 0.00 0.00 3.00 -7.00 -46.00 -5.00 49.00 -4.00 -81.00 -6.00 -53.00 -27.00 0.00 0.00 -4.00 -7.00 -3.00 -11.00 3.00 15.00 -3.00 -3.00 0.00 0.00 0.00 0.00 0.00 0.00 0.00 0.00 0.00 0.00 0.00 0.00 
-55.00 16.00 -33.00 32.00 35.00 -33.00 0.00 0.00 3.00 -7.00 -46.00 -5.00 49.00 -4.00 -81.00 -6.00 -53.00 -27.00 0.00 0.00 -4.00 -7.00 -3.00 -11.00 3.00 15.00 -3.00 -3.00 0.00 0.00 0.00 0.00 0.00 0.00 0.00 0.00 0.00 0.00 0.00 0.00 
-55.00 16.00 -33.00 32.00 53.00 -51.00 0.00 0.00 3.00 -7.00 -46.00 -5.00 49.00 -4.00 -81.00 -6.00 -53.00 -27.00 0.00 0.00 -4.00 -7.00 -3.00 -11.00 3.00 15.00 -3.00 -3.00 0.00 0.00 0.00 0.00 0.00 0.00 0.00 0.00 0.00 0.00 0.00 0.00 
-55.00 16.00 -33.00 32.00 35.00 -33.00 0.00 0.00 3.00 -7.00 -46.00 -5.00 49.00 -4.00 -81.00 -6.00 -53.00 -27.00 0.00 0.00 -4.00 -7.00 -3.00 -11.00 3.00 15.00 -3.00 -3.00 0.00 0.00 0.00 0.00 0.00 0.00 0.00 0.00 0.00 0.00 0.00 0.00 
-25.00 27.00 -33.00 32.00 45.00 -34.00 0.00 0.00 3.00 -7.00 -3.00 -4.00 6.00 16.00 -7.00 -7.00 -53.00 -27.00 0.00 0.00 -4.00 -7.00 -3.00 -11.00 3.00 15.00 -3.00 -3.00 0.00 0.00 0.00 0.00 0.00 0.00 0.00 0.00 0.00 0.00 0.00 0.00 
0.00 0.00 0.00 0.00 53.00 -2.00 0.00 0.00 0.00 0.00 0.00 0.00 0.00 0.00 0.00 0.00 -49.00 -5.00 0.00 0.00 0.00 0.00 0.00 0.00 0.00 0.00 0.00 0.00 0.00 0.00 0.00 0.00 0.00 0.00 0.00 0.00 0.00 0.00 0.00 0.00 
0.00 0.00 0.00 0.00 -33.00 -72.00 0.00 0.00 0.00 0.00 -8.00 -67.00 -2.00 122.00 0.00 0.00 -49.00 -5.00 0.00 0.00 0.00 0.00 1.00 -68.00 -2.00 123.00 0.00 0.00 0.00 0.00 0.00 0.00 0.00 0.00 0.00 0.00 0.00 0.00 0.00 0.00 
0.00 0.00 0.00 0.00 38.00 1.00 0.00 0.00 0.00 0.00 -3.00 12.00 2.00 -6.00 0.00 0.00 -37.00 -4.00 0.00 0.00 0.00 0.00 3.00 11.00 -3.00 -2.00 0.00 0.00 0.00 0.00 0.00 0.00 0.00 0.00 0.00 0.00 0.00 0.00 0.00 0.00 
0.00 0.00 0.00 0.00 38.00 1.00 0.00 0.00 0.00 0.00 -5.00 -13.00 3.00 23.00 0.00 0.00 -49.00 -5.00 0.00 0.00 0.00 0.00 5.00 -8.00 -4.00 8.00 0.00 0.00 0.00 0.00 0.00 0.00 0.00 0.00 0.00 0.00 0.00 0.00 0.00 0.00 
0.00 0.00 0.00 0.00 38.00 1.00 0.00 0.00 0.00 0.00 -25.00 -92.00 1.00 112.00 0.00 0.00 33.00 -27.00 0.00 0.00 0.00 0.00 24.00 -82.00 1.00 134.00 0.00 0.00 0.00 0.00 0.00 0.00 0.00 0.00 0.00 0.00 0.00 0.00 0.00 0.00 
0.00 0.00 0.00 0.00 38.00 1.00 0.00 0.00 0.00 0.00 -3.00 12.00 2.00 -6.00 0.00 0.00 -37.00 -4.00 0.00 0.00 0.00 0.00 3.00 11.00 -3.00 -2.00 0.00 0.00 0.00 0.00 0.00 0.00 0.00 0.00 0.00 0.00 0.00 0.00 0.00 0.00 
0.00 0.00 0.00 0.00 36.00 8.00 0.00 0.00 0.00 0.00 0.00 0.00 0.00 0.00 0.00 0.00 -41.00 -2.00 0.00 0.00 0.00 0.00 0.00 0.00 0.00 0.00 0.00 0.00 0.00 0.00 0.00 0.00 0.00 0.00 0.00 0.00 0.00 0.00 0.00 0.00 
0.00 0.00 0.00 0.00 36.00 8.00 145.00 39.00 0.00 0.00 0.00 0.00 0.00 0.00 0.00 0.00 -41.00 -2.00 -136.00 58.00 0.00 0.00 0.00 0.00 0.00 0.00 0.00 0.00 0.00 0.00 0.00 0.00 0.00 0.00 0.00 0.00 0.00 0.00 0.00 0.00 
0.00 0.00 6.00 2.00 36.00 8.00 145.00 39.00 0.00 0.00 0.00 0.00 0.00 0.00 0.00 0.00 -41.00 -2.00 -136.00 58.00 0.00 0.00 18.00 0.00 0.00 0.00 0.00 0.00 0.00 0.00 0.00 0.00 0.00 0.00 0.00 0.00 0.00 0.00 0.00 0.00 
0.00 0.00 54.00 -8.00 24.00 2.00 84.00 32.00 -79.00 -22.00 0.00 0.00 0.00 0.00 0.00 0.00 37.00 -134.00 0.00 0.00 0.00 0.00 0.00 0.00 0.00 0.00 0.00 0.00 0.00 0.00 0.00 0.00 0.00 0.00 0.00 0.00 0.00 0.00 0.00 0.00 
0.00 0.00 54.00 -8.00 24.00 2.00 84.00 32.00 -79.00 -22.00 0.00 0.00 0.00 0.00 0.00 0.00 13.00 -87.00 0.00 0.00 0.00 0.00 0.00 0.00 0.00 0.00 0.00 0.00 0.00 0.00 0.00 0.00 0.00 0.00 0.00 0.00 0.00 0.00 0.00 0.00 
0.00 0.00 54.00 -8.00 24.00 2.00 84.00 32.00 -79.00 -22.00 0.00 0.00 0.00 0.00 0.00 0.00 37.00 -134.00 0.00 0.00 0.00 0.00 0.00 0.00 0.00 0.00 0.00 0.00 0.00 0.00 0.00 0.00 0.00 0.00 0.00 0.00 0.00 0.00 0.00 0.00 
0.00 0.00 54.00 -8.00 24.00 2.00 84.00 32.00 -79.00 -22.00 0.00 0.00 0.00 0.00 0.00 0.00 13.00 -87.00 0.00 0.00 0.00 0.00 0.00 0.00 0.00 0.00 0.00 0.00 0.00 0.00 0.00 0.00 0.00 0.00 0.00 0.00 0.00 0.00 0.00 0.00 
0.00 0.00 0.00 0.00 146.00 -73.00 0.00 0.00 0.00 0.00 0.00 0.00 0.00 0.00 0.00 0.00 -26.00 -37.00 0.00 0.00 0.00 0.00 0.00 0.00 0.00 0.00 0.00 0.00 0.00 0.00 0.00 0.00 0.00 0.00 0.00 0.00 0.00 0.00 0.00 0.00 
0.00 0.00 0.00 0.00 146.00 -73.00 31.00 36.00 0.00 0.00 0.00 0.00 0.00 0.00 0.00 0.00 -26.00 -37.00 30.00 43.00 0.00 0.00 0.00 0.00 0.00 0.00 0.00 0.00 0.00 0.00 0.00 0.00 0.00 0.00 0.00 0.00 0.00 0.00 0.00 0.00 
0.00 0.00 0.00 0.00 16.00 -61.00 -27.00 6.00 0.00 0.00 0.00 0.00 0.00 0.00 0.00 0.00 -152.00 -108.00 21.00 -75.00 0.00 0.00 0.00 0.00 0.00 0.00 0.00 0.00 0.00 0.00 0.00 0.00 0.00 0.00 0.00 0.00 0.00 0.00 0.00 0.00 
0.00 0.00 0.00 0.00 146.00 -73.00 31.00 36.00 0.00 0.00 0.00 0.00 0.00 0.00 0.00 0.00 -26.00 -37.00 30.00 43.00 0.00 0.00 0.00 0.00 0.00 0.00 0.00 0.00 0.00 0.00 0.00 0.00 0.00 0.00 0.00 0.00 0.00 0.00 0.00 0.00 
0.00 0.00 0.00 0.00 16.00 -61.00 -27.00 6.00 0.00 0.00 0.00 0.00 0.00 0.00 0.00 0.00 -152.00 -108.00 21.00 -75.00 0.00 0.00 0.00 0.00 0.00 0.00 0.00 0.00 0.00 0.00 0.00 0.00 0.00 0.00 0.00 0.00 0.00 0.00 0.00 0.00 
0.00 0.00 0.00 0.00 146.00 -73.00 31.00 36.00 0.00 0.00 0.00 0.00 0.00 0.00 0.00 0.00 -26.00 -37.00 30.00 43.00 0.00 0.00 0.00 0.00 0.00 0.00 0.00 0.00 0.00 0.00 0.00 0.00 0.00 0.00 0.00 0.00 0.00 0.00 0.00 0.00 
0.00 0.00 0.00 0.00 16.00 -61.00 -27.00 6.00 0.00 0.00 0.00 0.00 0.00 0.00 0.00 0.00 -152.00 -108.00 21.00 -75.00 0.00 0.00 0.00 0.00 0.00 0.00 0.00 0.00 0.00 0.00 0.00 0.00 0.00 0.00 0.00 0.00 0.00 0.00 0.00 0.00 
0.00 0.00 0.00 0.00 18.00 -63.00 3.00 76.00 0.00 0.00 0.00 0.00 0.00 0.00 0.00 0.00 -20.00 -292.00 -9.00 -65.00 0.00 0.00 0.00 0.00 0.00 0.00 0.00 0.00 0.00 0.00 0.00 0.00 0.00 0.00 0.00 0.00 0.00 0.00 0.00 0.00
0.00 0.00 0.00 0.00 97.00 -91.00 0.00 0.00 0.00 0.00 0.00 0.00 0.00 0.00 0.00 0.00 -101.00 -76.00 0.00 0.00 0.00 0.00 0.00 0.00 0.00 0.00 0.00 0.00 0.00 0.00 0.00 0.00 0.00 0.00 0.00 0.00 0.00 0.00 0.00 0.00 
0.00 0.00 0.00 0.00 -4.00 -68.00 0.00 0.00 0.00 0.00 0.00 0.00 0.00 0.00 0.00 0.00 11.00 -66.00 0.00 0.00 0.00 0.00 60.00 26.00 50.00 33.00 0.00 0.00 0.00 0.00 0.00 0.00 0.00 0.00 0.00 0.00 0.00 0.00 0.00 0.00 
0.00 0.00 0.00 0.00 -4.00 -68.00 0.00 0.00 0.00 0.00 0.00 0.00 0.00 0.00 0.00 0.00 11.00 -66.00 0.00 0.00 0.00 0.00 -1.00 4.00 0.00 -22.00 0.00 0.00 0.00 0.00 0.00 0.00 0.00 0.00 0.00 0.00 0.00 0.00 0.00 0.00 
0.00 0.00 0.00 0.00 98.00 -94.00 0.00 0.00 0.00 0.00 0.00 0.00 0.00 0.00 0.00 0.00 -101.00 -93.00 0.00 0.00 0.00 0.00 -1.00 4.00 0.00 -22.00 0.00 0.00 0.00 0.00 0.00 0.00 0.00 0.00 0.00 0.00 0.00 0.00 0.00 0.00 
0.00 0.00 0.00 0.00 -7.00 -86.00 0.00 0.00 0.00 0.00 -51.00 40.00 -69.00 3.00 0.00 0.00 2.00 -80.00 0.00 0.00 0.00 0.00 -1.00 4.00 0.00 -22.00 0.00 0.00 0.00 0.00 0.00 0.00 0.00 0.00 0.00 0.00 0.00 0.00 0.00 0.00 
0.00 0.00 0.00 0.00 -7.00 -86.00 0.00 0.00 0.00 0.00 0.00 8.00 2.00 -14.00 0.00 0.00 2.00 -80.00 0.00 0.00 0.00 0.00 -1.00 4.00 0.00 -22.00 0.00 0.00 0.00 0.00 0.00 0.00 0.00 0.00 0.00 0.00 0.00 0.00 0.00 0.00 
0.00 0.00 0.00 0.00 37.00 -12.00 0.00 0.00 0.00 0.00 0.00 0.00 0.00 0.00 0.00 0.00 -35.00 -15.00 0.00 0.00 0.00 0.00 -7.00 23.00 0.00 0.00 0.00 0.00 0.00 0.00 0.00 0.00 0.00 0.00 0.00 0.00 0.00 0.00 0.00 0.00 
0.00 0.00 0.00 0.00 37.00 -12.00 0.00 0.00 0.00 0.00 -5.00 -61.00 9.00 86.00 0.00 0.00 -35.00 -15.00 0.00 0.00 0.00 0.00 -7.00 23.00 0.00 0.00 0.00 0.00 0.00 0.00 0.00 0.00 0.00 0.00 0.00 0.00 0.00 0.00 0.00 0.00 
0.00 0.00 0.00 0.00 37.00 -12.00 0.00 0.00 0.00 0.00 30.00 -17.00 -1.00 10.00 0.00 0.00 -35.00 -15.00 0.00 0.00 0.00 0.00 -7.00 23.00 0.00 0.00 0.00 0.00 0.00 0.00 0.00 0.00 0.00 0.00 0.00 0.00 0.00 0.00 0.00 0.00 
94.00 3.00 0.00 0.00 37.00 -12.00 0.00 0.00 0.00 0.00 30.00 -17.00 -1.00 10.00 0.00 0.00 -35.00 -15.00 0.00 0.00 0.00 0.00 -7.00 23.00 0.00 0.00 0.00 0.00 0.00 0.00 0.00 0.00 0.00 0.00 0.00 0.00 0.00 0.00 0.00 0.00 
191.00 58.00 0.00 0.00 37.00 -12.00 0.00 0.00 0.00 0.00 12.00 -14.00 -1.00 10.00 0.00 0.00 -35.00 -15.00 0.00 0.00 0.00 0.00 -7.00 23.00 0.00 0.00 0.00 0.00 0.00 0.00 0.00 0.00 0.00 0.00 0.00 0.00 0.00 0.00 0.00 0.00 
272.00 252.00 0.00 0.00 37.00 -12.00 0.00 0.00 0.00 0.00 0.00 10.00 -1.00 10.00 0.00 0.00 -35.00 -15.00 0.00 0.00 0.00 0.00 -7.00 23.00 0.00 0.00 0.00 0.00 0.00 0.00 0.00 0.00 0.00 0.00 0.00 0.00 0.00 0.00 0.00 0.00 
361.00 407.00 0.00 0.00 37.00 -12.00 0.00 0.00 0.00 0.00 0.00 10.00 -1.00 10.00 0.00 0.00 -35.00 -15.00 0.00 0.00 0.00 0.00 -1.00 12.00 0.00 0.00 0.00 0.00 0.00 0.00 0.00 0.00 0.00 0.00 0.00 0.00 0.00 0.00 0.00 0.00 
0.00 0.00 0.00 0.00 -12.00 0.00 0.00 0.00 0.00 0.00 -3.00 -28.00 -4.00 44.00 0.00 0.00 -139.00 5.00 0.00 0.00 0.00 0.00 0.00 0.00 0.00 0.00 0.00 0.00 0.00 0.00 0.00 0.00 0.00 0.00 0.00 0.00 0.00 0.00 0.00 0.00 
0.00 0.00 0.00 0.00 -33.00 -26.00 0.00 0.00 0.00 0.00 0.00 -46.00 -4.00 2.00 0.00 0.00 -174.00 -7.00 0.00 0.00 0.00 0.00 0.00 0.00 0.00 0.00 0.00 0.00 0.00 0.00 0.00 0.00 0.00 0.00 0.00 0.00 0.00 0.00 0.00 0.00 
0.00 0.00 0.00 0.00 34.00 -17.00 0.00 0.00 0.00 0.00 -1.00 0.00 1.00 9.00 0.00 0.00 -38.00 -16.00 0.00 0.00 0.00 0.00 0.00 0.00 0.00 0.00 0.00 0.00 0.00 0.00 0.00 0.00 0.00 0.00 0.00 0.00 0.00 0.00 0.00 0.00 
0.00 0.00 0.00 0.00 137.00 -15.00 0.00 0.00 0.00 0.00 -1.00 0.00 1.00 9.00 0.00 0.00 -7.00 -18.00 0.00 0.00 0.00 0.00 9.00 -32.00 -11.00 46.00 0.00 0.00 0.00 0.00 0.00 0.00 0.00 0.00 0.00 0.00 0.00 0.00 0.00 0.00 
0.00 0.00 0.00 0.00 174.00 -193.00 0.00 0.00 0.00 0.00 -1.00 0.00 1.00 9.00 0.00 0.00 29.00 -10.00 0.00 0.00 0.00 0.00 13.00 -68.00 -9.00 27.00 0.00 0.00 0.00 0.00 0.00 0.00 0.00 0.00 0.00 0.00 0.00 0.00 0.00 0.00 
0.00 0.00 0.00 0.00 50.00 -20.00 0.00 0.00 0.00 0.00 -1.00 0.00 1.00 9.00 0.00 0.00 -50.00 -20.00 0.00 0.00 0.00 0.00 2.00 -6.00 -1.00 5.00 0.00 0.00 0.00 0.00 0.00 0.00 0.00 0.00 0.00 0.00 0.00 0.00 0.00 0.00 
0.00 0.00 0.00 0.00 100.00 -109.00 0.00 0.00 0.00 0.00 -2.00 -39.00 -1.00 56.00 0.00 0.00 -98.00 -98.00 0.00 0.00 0.00 0.00 0.00 0.00 0.00 0.00 0.00 0.00 0.00 0.00 0.00 0.00 0.00 0.00 0.00 0.00 0.00 0.00 0.00 0.00 
-4.00 1.00 52.00 1.00 0.00 -50.00 0.00 0.00 0.00 0.00 -60.00 14.00 0.00 0.00 0.00 0.00 36.00 -54.00 0.00 0.00 0.00 0.00 8.00 -4.00 0.00 0.00 0.00 0.00 0.00 0.00 0.00 0.00 0.00 0.00 0.00 0.00 0.00 0.00 0.00 0.00 
-1.00 2.00 -14.00 20.00 45.00 -11.00 0.00 0.00 0.00 0.00 0.00 -4.00 0.00 0.00 0.00 0.00 -45.00 -11.00 0.00 0.00 0.00 0.00 5.00 7.00 0.00 0.00 0.00 0.00 0.00 0.00 0.00 0.00 0.00 0.00 0.00 0.00 0.00 0.00 0.00 0.00 
0.00 0.00 0.00 0.00 37.00 -12.00 0.00 0.00 0.00 0.00 0.00 0.00 0.00 0.00 0.00 0.00 -35.00 -15.00 0.00 0.00 0.00 0.00 -7.00 23.00 0.00 0.00 0.00 0.00 0.00 0.00 0.00 0.00 0.00 0.00 0.00 0.00 0.00 0.00 0.00 0.00 
0.00 0.00 0.00 0.00 37.00 -12.00 0.00 0.00 0.00 0.00 -5.00 -61.00 9.00 86.00 0.00 0.00 -35.00 -15.00 0.00 0.00 0.00 0.00 -7.00 23.00 0.00 0.00 0.00 0.00 0.00 0.00 0.00 0.00 0.00 0.00 0.00 0.00 0.00 0.00 0.00 0.00 
0.00 0.00 0.00 0.00 37.00 -12.00 0.00 0.00 0.00 0.00 30.00 -17.00 -1.00 10.00 0.00 0.00 -35.00 -15.00 0.00 0.00 0.00 0.00 -7.00 23.00 0.00 0.00 0.00 0.00 0.00 0.00 0.00 0.00 0.00 0.00 0.00 0.00 0.00 0.00 0.00 0.00 
94.00 3.00 0.00 0.00 37.00 -12.00 0.00 0.00 0.00 0.00 30.00 -17.00 -1.00 10.00 0.00 0.00 -35.00 -15.00 0.00 0.00 0.00 0.00 -7.00 23.00 0.00 0.00 0.00 0.00 0.00 0.00 0.00 0.00 0.00 0.00 0.00 0.00 0.00 0.00 0.00 0.00 
191.00 58.00 0.00 0.00 37.00 -12.00 0.00 0.00 0.00 0.00 12.00 -14.00 -1.00 10.00 0.00 0.00 -35.00 -15.00 0.00 0.00 0.00 0.00 -7.00 23.00 0.00 0.00 0.00 0.00 0.00 0.00 0.00 0.00 0.00 0.00 0.00 0.00 0.00 0.00 0.00 0.00 
272.00 252.00 0.00 0.00 37.00 -12.00 0.00 0.00 0.00 0.00 0.00 10.00 -1.00 10.00 0.00 0.00 -35.00 -15.00 0.00 0.00 0.00 0.00 -7.00 23.00 0.00 0.00 0.00 0.00 0.00 0.00 0.00 0.00 0.00 0.00 0.00 0.00 0.00 0.00 0.00 0.00 
361.00 407.00 0.00 0.00 37.00 -12.00 0.00 0.00 0.00 0.00 0.00 10.00 -1.00 10.00 0.00 0.00 -35.00 -15.00 0.00 0.00 0.00 0.00 -1.00 12.00 0.00 0.00 0.00 0.00 0.00 0.00 0.00 0.00 0.00 0.00 0.00 0.00 0.00 0.00 0.00 0.00 
0.00 0.00 0.00 0.00 37.00 -12.00 0.00 0.00 0.00 0.00 0.00 0.00 0.00 0.00 0.00 0.00 -35.00 -15.00 0.00 0.00 0.00 0.00 -7.00 23.00 0.00 0.00 0.00 0.00 0.00 0.00 0.00 0.00 0.00 0.00 0.00 0.00 0.00 0.00 0.00 0.00 
-25.00 0.00 0.00 0.00 45.00 14.00 -61.00 -17.00 0.00 0.00 -39.00 -9.00 30.00 22.00 -11.00 -11.00 -152.00 2.00 -48.00 -165.00 0.00 0.00 0.00 0.00 0.00 0.00 0.00 0.00 0.00 0.00 0.00 0.00 0.00 0.00 0.00 0.00 0.00 0.00 0.00 0.00 
-25.00 0.00 0.00 0.00 45.00 14.00 -61.00 -17.00 0.00 0.00 -39.00 -9.00 30.00 22.00 -11.00 -11.00 -152.00 2.00 -48.00 -165.00 0.00 0.00 0.00 0.00 0.00 0.00 0.00 0.00 0.00 0.00 0.00 0.00 0.00 0.00 0.00 0.00 0.00 0.00 0.00 0.00 
-25.00 0.00 0.00 0.00 45.00 14.00 -61.00 -17.00 0.00 0.00 -39.00 -9.00 30.00 22.00 -11.00 -11.00 -152.00 2.00 -48.00 -165.00 0.00 0.00 0.00 0.00 0.00 0.00 0.00 0.00 0.00 0.00 0.00 0.00 0.00 0.00 0.00 0.00 0.00 0.00 0.00 0.00 
-25.00 0.00 0.00 0.00 45.00 14.00 -61.00 -17.00 0.00 0.00 -39.00 -9.00 30.00 22.00 -11.00 -11.00 -152.00 2.00 -48.00 -165.00 0.00 0.00 0.00 0.00 0.00 0.00 0.00 0.00 0.00 0.00 0.00 0.00 0.00 0.00 0.00 0.00 0.00 0.00 0.00 0.00 
-25.00 0.00 0.00 0.00 26.00 29.00 -61.00 -17.00 0.00 0.00 -39.00 -9.00 30.00 22.00 -11.00 -11.00 -139.00 -76.00 -48.00 -165.00 0.00 0.00 0.00 0.00 0.00 0.00 0.00 0.00 0.00 0.00 0.00 0.00 0.00 0.00 0.00 0.00 0.00 0.00 0.00 0.00 
-25.00 0.00 0.00 0.00 51.00 19.00 -61.00 -17.00 0.00 0.00 -39.00 -9.00 30.00 22.00 -11.00 -11.00 -166.00 -42.00 -48.00 -165.00 0.00 0.00 0.00 0.00 0.00 0.00 0.00 0.00 0.00 0.00 0.00 0.00 0.00 0.00 0.00 0.00 0.00 0.00 0.00 0.00 
-25.00 0.00 0.00 0.00 26.00 29.00 -61.00 -17.00 0.00 0.00 -39.00 -9.00 30.00 22.00 -11.00 -11.00 -139.00 -76.00 -48.00 -165.00 0.00 0.00 0.00 0.00 0.00 0.00 0.00 0.00 0.00 0.00 0.00 0.00 0.00 0.00 0.00 0.00 0.00 0.00 0.00 0.00 
-25.00 0.00 0.00 0.00 51.00 19.00 -61.00 -17.00 0.00 0.00 -39.00 -9.00 30.00 22.00 -11.00 -11.00 -166.00 -42.00 -48.00 -165.00 0.00 0.00 0.00 0.00 0.00 0.00 0.00 0.00 0.00 0.00 0.00 0.00 0.00 0.00 0.00 0.00 0.00 0.00 0.00 0.00 
-25.00 0.00 0.00 0.00 26.00 29.00 -61.00 -17.00 0.00 0.00 -39.00 -9.00 30.00 22.00 -11.00 -11.00 -139.00 -76.00 -48.00 -165.00 0.00 0.00 0.00 0.00 0.00 0.00 0.00 0.00 0.00 0.00 0.00 0.00 0.00 0.00 0.00 0.00 0.00 0.00 0.00 0.00 
-25.00 0.00 0.00 0.00 51.00 19.00 -61.00 -17.00 0.00 0.00 -39.00 -9.00 30.00 22.00 -11.00 -11.00 -166.00 -42.00 -48.00 -165.00 0.00 0.00 0.00 0.00 0.00 0.00 0.00 0.00 0.00 0.00 0.00 0.00 0.00 0.00 0.00 0.00 0.00 0.00 0.00 0.00 
-25.00 0.00 0.00 0.00 29.00 24.00 -61.00 -17.00 0.00 0.00 -39.00 -9.00 30.00 22.00 -11.00 -11.00 -133.00 -71.00 -48.00 -165.00 0.00 0.00 0.00 0.00 0.00 0.00 0.00 0.00 0.00 0.00 0.00 0.00 0.00 0.00 0.00 0.00 0.00 0.00 0.00 0.00 
-25.00 0.00 0.00 0.00 29.00 24.00 -61.00 -17.00 0.00 0.00 -9.00 6.00 -4.00 -3.00 0.00 8.00 -133.00 -71.00 -48.00 -165.00 0.00 0.00 0.00 0.00 0.00 0.00 0.00 0.00 0.00 0.00 0.00 0.00 0.00 0.00 0.00 0.00 0.00 0.00 0.00 0.00 
0.00 0.00 0.00 0.00 0.00 0.00 0.00 0.00 0.00 0.00 -32.00 3.00 0.00 0.00 0.00 0.00 0.00 0.00 0.00 0.00 -27.00 -11.00 0.00 0.00 0.00 0.00 0.00 0.00 0.00 0.00 0.00 0.00 0.00 0.00 0.00 0.00 0.00 0.00 0.00 0.00 
0.00 0.00 0.00 0.00 0.00 0.00 0.00 0.00 0.00 0.00 -32.00 3.00 0.00 0.00 0.00 0.00 0.00 0.00 -26.00 -2.00 10.00 -16.00 0.00 0.00 0.00 0.00 0.00 0.00 0.00 0.00 0.00 0.00 0.00 0.00 0.00 0.00 0.00 0.00 0.00 0.00 
0.00 0.00 0.00 0.00 0.00 0.00 0.00 0.00 0.00 0.00 -32.00 3.00 0.00 0.00 0.00 0.00 -21.00 -11.00 24.00 12.00 8.00 -5.00 5.00 4.00 0.00 0.00 0.00 0.00 0.00 0.00 0.00 0.00 0.00 0.00 0.00 0.00 0.00 0.00 0.00 0.00 
0.00 0.00 0.00 0.00 20.00 26.00 17.00 8.00 0.00 0.00 -32.00 3.00 0.00 0.00 0.00 0.00 -3.00 -51.00 6.00 29.00 8.00 -5.00 5.00 4.00 0.00 0.00 0.00 0.00 0.00 0.00 0.00 0.00 0.00 0.00 0.00 0.00 0.00 0.00 0.00 0.00 
0.00 0.00 0.00 0.00 -10.00 6.00 30.00 5.00 -13.00 -5.00 -32.00 3.00 0.00 0.00 0.00 0.00 -3.00 -51.00 6.00 29.00 8.00 -5.00 5.00 4.00 0.00 0.00 0.00 0.00 0.00 0.00 0.00 0.00 0.00 0.00 0.00 0.00 0.00 0.00 0.00 0.00 
0.00 0.00 0.00 0.00 6.00 23.00 -10.00 -35.00 42.00 14.00 -32.00 3.00 0.00 0.00 0.00 0.00 -3.00 -51.00 6.00 29.00 8.00 -5.00 5.00 4.00 0.00 0.00 0.00 0.00 0.00 0.00 0.00 0.00 0.00 0.00 0.00 0.00 0.00 0.00 0.00 0.00 
0.00 0.00 0.00 0.00 6.00 23.00 -10.00 -35.00 -5.00 3.00 -32.00 3.00 0.00 0.00 0.00 0.00 -3.00 -51.00 6.00 29.00 8.00 -5.00 5.00 4.00 0.00 0.00 0.00 0.00 0.00 0.00 0.00 0.00 0.00 0.00 0.00 0.00 0.00 0.00 0.00 0.00 
0.00 0.00 0.00 0.00 6.00 23.00 -10.00 -35.00 -5.00 3.00 -1.00 4.00 0.00 0.00 0.00 0.00 -3.00 -51.00 6.00 29.00 8.00 -5.00 5.00 4.00 0.00 0.00 0.00 0.00 0.00 0.00 0.00 0.00 0.00 0.00 0.00 0.00 0.00 0.00 0.00 0.00 
38.00 -19.00 0.00 0.00 102.00 -46.00 77.00 -56.00 -7.00 3.00 -8.00 -2.00 0.00 0.00 0.00 0.00 -49.00 -183.00 -47.00 -290.00 0.00 0.00 21.00 -42.00 -31.00 43.00 121.00 -12.00 0.00 0.00 0.00 0.00 0.00 0.00 0.00 0.00 0.00 0.00 0.00 0.00 
38.00 -19.00 0.00 0.00 102.00 -46.00 77.00 -56.00 -7.00 3.00 -8.00 -2.00 0.00 0.00 0.00 0.00 -49.00 -183.00 -47.00 -290.00 0.00 0.00 21.00 -42.00 -31.00 43.00 121.00 -12.00 0.00 0.00 0.00 0.00 0.00 0.00 0.00 0.00 0.00 0.00 0.00 0.00 
38.00 -19.00 0.00 0.00 102.00 -46.00 77.00 -56.00 -7.00 3.00 -8.00 -2.00 0.00 0.00 0.00 0.00 -49.00 -183.00 -47.00 -290.00 0.00 0.00 21.00 -42.00 -31.00 43.00 121.00 -12.00 0.00 0.00 0.00 0.00 0.00 0.00 0.00 0.00 0.00 0.00 0.00 0.00 
38.00 -19.00 0.00 0.00 102.00 -46.00 77.00 -56.00 -7.00 3.00 -8.00 -2.00 0.00 0.00 0.00 0.00 -49.00 -183.00 -47.00 -290.00 0.00 0.00 21.00 -42.00 -31.00 43.00 121.00 -12.00 0.00 0.00 0.00 0.00 0.00 0.00 0.00 0.00 0.00 0.00 0.00 0.00 
38.00 -19.00 0.00 0.00 144.00 -54.00 77.00 -56.00 -7.00 3.00 -8.00 -2.00 0.00 0.00 0.00 0.00 -66.00 -197.00 -47.00 -290.00 0.00 0.00 21.00 -42.00 -31.00 43.00 121.00 -12.00 0.00 0.00 0.00 0.00 0.00 0.00 0.00 0.00 0.00 0.00 0.00 0.00 
38.00 -19.00 0.00 0.00 106.00 -66.00 77.00 -56.00 -7.00 3.00 -8.00 -2.00 0.00 0.00 0.00 0.00 -16.00 -198.00 -47.00 -290.00 0.00 0.00 21.00 -42.00 -31.00 43.00 121.00 -12.00 0.00 0.00 0.00 0.00 0.00 0.00 0.00 0.00 0.00 0.00 0.00 0.00 
38.00 -19.00 0.00 0.00 163.00 -54.00 77.00 -56.00 -7.00 3.00 -8.00 -2.00 0.00 0.00 0.00 0.00 -58.00 -172.00 -47.00 -290.00 0.00 0.00 21.00 -42.00 -31.00 43.00 121.00 -12.00 0.00 0.00 0.00 0.00 0.00 0.00 0.00 0.00 0.00 0.00 0.00 0.00 
38.00 -19.00 0.00 0.00 109.00 -65.00 77.00 -56.00 -7.00 3.00 -8.00 -2.00 0.00 0.00 0.00 0.00 -36.00 -169.00 -47.00 -290.00 0.00 0.00 7.00 -18.00 -7.00 36.00 87.00 16.00 0.00 0.00 0.00 0.00 0.00 0.00 0.00 0.00 0.00 0.00 0.00 0.00 
0.00 0.00 -109.00 51.00 49.00 16.00 -80.00 -38.00 0.00 0.00 0.00 0.00 0.00 0.00 0.00 0.00 193.00 172.00 42.00 -154.00 -7.00 168.00 0.00 0.00 0.00 0.00 0.00 0.00 0.00 0.00 0.00 0.00 0.00 0.00 0.00 0.00 0.00 0.00 0.00 0.00 
0.00 0.00 -109.00 51.00 49.00 16.00 -80.00 -38.00 43.00 20.00 0.00 0.00 0.00 0.00 0.00 0.00 193.00 172.00 42.00 -154.00 25.00 179.00 0.00 0.00 0.00 0.00 0.00 0.00 0.00 0.00 0.00 0.00 0.00 0.00 0.00 0.00 0.00 0.00 0.00 0.00 
0.00 0.00 -109.00 51.00 49.00 16.00 -80.00 -38.00 -3.00 21.00 0.00 0.00 0.00 0.00 0.00 0.00 193.00 172.00 42.00 -154.00 0.00 267.00 0.00 0.00 0.00 0.00 0.00 0.00 0.00 0.00 0.00 0.00 0.00 0.00 0.00 0.00 0.00 0.00 0.00 0.00 
0.00 0.00 -109.00 51.00 49.00 16.00 -80.00 -38.00 -3.00 21.00 -12.00 -5.00 31.00 -11.00 -76.00 9.00 193.00 172.00 42.00 -154.00 0.00 267.00 0.00 0.00 0.00 0.00 0.00 0.00 0.00 0.00 0.00 0.00 0.00 0.00 0.00 0.00 0.00 0.00 0.00 0.00 
0.00 0.00 -109.00 51.00 49.00 16.00 -80.00 -38.00 28.00 37.00 -43.00 9.00 31.00 -11.00 -76.00 9.00 193.00 172.00 42.00 -154.00 26.00 330.00 -22.00 7.00 32.00 8.00 -123.00 2.00 0.00 0.00 0.00 0.00 0.00 0.00 0.00 0.00 0.00 0.00 0.00 0.00 
0.00 0.00 -109.00 51.00 49.00 16.00 -80.00 -38.00 0.00 20.00 -16.00 27.00 31.00 -11.00 -76.00 9.00 193.00 172.00 42.00 -154.00 2.00 288.00 -2.00 8.00 32.00 8.00 -123.00 2.00 0.00 0.00 0.00 0.00 0.00 0.00 0.00 0.00 0.00 0.00 0.00 0.00 
0.00 0.00 -74.00 74.00 49.00 16.00 -80.00 -38.00 0.00 20.00 -4.00 29.00 5.00 -39.00 -3.00 7.00 193.00 172.00 42.00 -154.00 2.00 288.00 -2.00 8.00 6.00 -12.00 27.00 -3.00 0.00 0.00 0.00 0.00 0.00 0.00 0.00 0.00 0.00 0.00 0.00 0.00 
0.00 0.00 19.00 21.00 152.00 15.00 62.00 -67.00 -45.00 -60.00 0.00 0.00 0.00 0.00 0.00 0.00 -41.00 -27.00 69.00 -48.00 -61.00 35.00 0.00 0.00 0.00 0.00 0.00 0.00 0.00 0.00 0.00 0.00 0.00 0.00 0.00 0.00 0.00 0.00 0.00 0.00 
0.00 0.00 19.00 21.00 152.00 15.00 62.00 -67.00 -21.00 -89.00 0.00 0.00 0.00 0.00 0.00 0.00 -41.00 -27.00 69.00 -48.00 -11.00 42.00 0.00 0.00 0.00 0.00 0.00 0.00 0.00 0.00 0.00 0.00 0.00 0.00 0.00 0.00 0.00 0.00 0.00 0.00 
0.00 0.00 19.00 21.00 152.00 15.00 62.00 -67.00 -46.00 -63.00 0.00 0.00 0.00 0.00 0.00 0.00 -41.00 -27.00 69.00 -48.00 -57.00 50.00 0.00 0.00 0.00 0.00 0.00 0.00 0.00 0.00 0.00 0.00 0.00 0.00 0.00 0.00 0.00 0.00 0.00 0.00 
0.00 0.00 19.00 21.00 152.00 15.00 62.00 -67.00 -46.00 -63.00 0.00 0.00 0.00 0.00 0.00 0.00 -41.00 -27.00 69.00 -48.00 -57.00 50.00 39.00 -2.00 -26.00 5.00 58.00 8.00 0.00 0.00 0.00 0.00 0.00 0.00 0.00 0.00 0.00 0.00 0.00 0.00 
0.00 0.00 19.00 21.00 152.00 15.00 62.00 -67.00 -17.00 -89.00 0.00 0.00 0.00 0.00 0.00 0.00 -41.00 -27.00 69.00 -48.00 1.00 56.00 30.00 -4.00 -26.00 5.00 58.00 8.00 0.00 0.00 0.00 0.00 0.00 0.00 0.00 0.00 0.00 0.00 0.00 0.00 
0.00 0.00 19.00 21.00 152.00 15.00 62.00 -67.00 -50.00 -70.00 0.00 0.00 0.00 0.00 0.00 0.00 -41.00 -27.00 69.00 -48.00 -53.00 59.00 30.00 -4.00 -26.00 5.00 58.00 8.00 0.00 0.00 0.00 0.00 0.00 0.00 0.00 0.00 0.00 0.00 0.00 0.00 
0.00 0.00 -23.00 29.00 152.00 15.00 62.00 -67.00 -50.00 -70.00 0.00 0.00 0.00 0.00 0.00 0.00 -41.00 -27.00 69.00 -48.00 -53.00 59.00 3.00 8.00 -5.00 -3.00 3.00 -5.00 0.00 0.00 0.00 0.00 0.00 0.00 0.00 0.00 0.00 0.00 0.00 0.00 
0.00 0.00 0.00 0.00 48.00 -33.00 0.00 0.00 0.00 0.00 0.00 0.00 0.00 0.00 0.00 0.00 -46.00 -2.00 0.00 0.00 0.00 0.00 0.00 0.00 0.00 0.00 0.00 0.00 0.00 0.00 0.00 0.00 0.00 0.00 0.00 0.00 0.00 0.00 0.00 0.00 
0.00 0.00 0.00 0.00 -41.00 -89.00 0.00 0.00 0.00 0.00 0.00 0.00 0.00 0.00 0.00 0.00 42.00 -21.00 0.00 0.00 0.00 0.00 0.00 0.00 0.00 0.00 0.00 0.00 0.00 0.00 0.00 0.00 0.00 0.00 0.00 0.00 0.00 0.00 0.00 0.00 
0.00 0.00 0.00 0.00 -198.00 -95.00 0.00 0.00 0.00 0.00 0.00 0.00 0.00 0.00 0.00 0.00 195.00 184.00 0.00 0.00 0.00 0.00 0.00 0.00 0.00 0.00 0.00 0.00 0.00 0.00 0.00 0.00 0.00 0.00 0.00 0.00 0.00 0.00 0.00 0.00 
0.00 0.00 0.00 0.00 -326.00 -49.00 0.00 0.00 0.00 0.00 0.00 0.00 0.00 0.00 0.00 0.00 329.00 250.00 0.00 0.00 0.00 0.00 0.00 0.00 0.00 0.00 0.00 0.00 0.00 0.00 0.00 0.00 0.00 0.00 0.00 0.00 0.00 0.00 0.00 0.00 
0.00 0.00 0.00 0.00 -581.00 32.00 0.00 0.00 0.00 0.00 0.00 0.00 0.00 0.00 0.00 0.00 587.00 339.00 0.00 0.00 0.00 0.00 8.00 -47.00 -6.00 103.00 0.00 0.00 0.00 0.00 0.00 0.00 0.00 0.00 0.00 0.00 0.00 0.00 0.00 0.00 
0.00 0.00 0.00 0.00 -581.00 32.00 0.00 0.00 0.00 0.00 0.00 0.00 0.00 0.00 0.00 0.00 587.00 339.00 0.00 0.00 0.00 0.00 8.00 -47.00 0.00 7.00 0.00 0.00 0.00 0.00 0.00 0.00 0.00 0.00 0.00 0.00 0.00 0.00 0.00 0.00 
0.00 0.00 0.00 0.00 -680.00 56.00 0.00 0.00 0.00 0.00 0.00 0.00 0.00 0.00 0.00 0.00 680.00 390.00 0.00 0.00 0.00 0.00 8.00 -47.00 0.00 7.00 0.00 0.00 0.00 0.00 0.00 0.00 0.00 0.00 0.00 0.00 0.00 0.00 0.00 0.00 

0.00 0.00 -10.00 61.00 81.00 26.00 0.00 0.00 0.00 0.00 0.00 0.00 0.00 0.00 0.00 0.00 -80.00 84.00 0.00 0.00 0.00 0.00 0.00 0.00 0.00 0.00 0.00 0.00 0.00 0.00 0.00 0.00 0.00 0.00 0.00 0.00 0.00 0.00 0.00 0.00 
0.00 0.00 -98.00 66.00 81.00 26.00 0.00 0.00 0.00 0.00 0.00 0.00 0.00 0.00 0.00 0.00 -80.00 84.00 0.00 0.00 0.00 0.00 0.00 0.00 0.00 0.00 0.00 0.00 0.00 0.00 0.00 0.00 0.00 0.00 0.00 0.00 0.00 0.00 0.00 0.00 
0.00 0.00 -44.00 81.00 81.00 26.00 0.00 0.00 0.00 0.00 0.00 0.00 0.00 0.00 0.00 0.00 -80.00 84.00 0.00 0.00 0.00 0.00 0.00 0.00 0.00 0.00 0.00 0.00 0.00 0.00 0.00 0.00 0.00 0.00 0.00 0.00 0.00 0.00 0.00 0.00 
0.00 0.00 -109.00 87.00 81.00 26.00 0.00 0.00 0.00 0.00 0.00 0.00 0.00 0.00 0.00 0.00 -80.00 84.00 0.00 0.00 0.00 0.00 0.00 0.00 0.00 0.00 0.00 0.00 0.00 0.00 0.00 0.00 0.00 0.00 0.00 0.00 0.00 0.00 0.00 0.00 

0.00 0.00 -42.00 6.00 -33.00 6.00 0.00 0.00 0.00 0.00 -41.00 14.00 -38.00 10.00 0.00 0.00 -167.00 14.00 0.00 0.00 0.00 0.00 -10.00 0.00 0.00 0.00 0.00 0.00 0.00 0.00 0.00 0.00 0.00 0.00 0.00 0.00 0.00 0.00 0.00 0.00 
0.00 0.00 -15.00 50.00 170.00 -24.00 0.00 0.00 0.00 0.00 15.00 10.00 1.00 -3.00 0.00 0.00 25.00 -24.00 0.00 0.00 0.00 0.00 33.00 -4.00 26.00 19.00 0.00 0.00 0.00 0.00 0.00 0.00 0.00 0.00 0.00 0.00 0.00 0.00 0.00 0.00 
0.00 0.00 -42.00 6.00 -33.00 6.00 0.00 0.00 0.00 0.00 -41.00 14.00 -38.00 10.00 0.00 0.00 -167.00 14.00 0.00 0.00 0.00 0.00 -10.00 0.00 0.00 0.00 0.00 0.00 0.00 0.00 0.00 0.00 0.00 0.00 0.00 0.00 0.00 0.00 0.00 0.00 
0.00 0.00 -15.00 50.00 170.00 -24.00 0.00 0.00 0.00 0.00 15.00 10.00 1.00 -3.00 0.00 0.00 25.00 -24.00 0.00 0.00 0.00 0.00 33.00 -4.00 26.00 19.00 0.00 0.00 0.00 0.00 0.00 0.00 0.00 0.00 0.00 0.00 0.00 0.00 0.00 0.00 
0.00 0.00 0.00 0.00 42.00 18.00 0.00 0.00 0.00 0.00 0.00 0.00 0.00 0.00 0.00 0.00 -42.00 -8.00 0.00 0.00 0.00 0.00 0.00 0.00 0.00 0.00 0.00 0.00 0.00 0.00 0.00 0.00 0.00 0.00 0.00 0.00 0.00 0.00 0.00 0.00 

0.00 0.00 -10.00 61.00 81.00 26.00 0.00 0.00 0.00 0.00 0.00 0.00 0.00 0.00 0.00 0.00 -80.00 84.00 0.00 0.00 0.00 0.00 0.00 0.00 0.00 0.00 0.00 0.00 0.00 0.00 0.00 0.00 0.00 0.00 0.00 0.00 0.00 0.00 0.00 0.00 
0.00 0.00 -98.00 66.00 81.00 26.00 0.00 0.00 0.00 0.00 0.00 0.00 0.00 0.00 0.00 0.00 -80.00 84.00 0.00 0.00 0.00 0.00 0.00 0.00 0.00 0.00 0.00 0.00 0.00 0.00 0.00 0.00 0.00 0.00 0.00 0.00 0.00 0.00 0.00 0.00 
0.00 0.00 -44.00 81.00 81.00 26.00 0.00 0.00 0.00 0.00 0.00 0.00 0.00 0.00 0.00 0.00 -80.00 84.00 0.00 0.00 0.00 0.00 0.00 0.00 0.00 0.00 0.00 0.00 0.00 0.00 0.00 0.00 0.00 0.00 0.00 0.00 0.00 0.00 0.00 0.00 
0.00 0.00 -109.00 87.00 81.00 26.00 0.00 0.00 0.00 0.00 0.00 0.00 0.00 0.00 0.00 0.00 -80.00 84.00 0.00 0.00 0.00 0.00 0.00 0.00 0.00 0.00 0.00 0.00 0.00 0.00 0.00 0.00 0.00 0.00 0.00 0.00 0.00 0.00 0.00 0.00 

17.00 2.00 0.00 0.00 24.00 -23.00 -99.00 16.00 60.00 -67.00 -25.00 4.00 45.00 12.00 0.00 0.00 14.00 -10.00 -87.00 -36.00 76.00 11.00 23.00 9.00 -38.00 1.00 0.00 0.00 0.00 0.00 0.00 0.00 0.00 0.00 0.00 0.00 0.00 0.00 0.00 0.00 
17.00 2.00 0.00 0.00 0.00 205.00 -99.00 16.00 60.00 -67.00 -25.00 4.00 6.00 -3.00 0.00 0.00 -36.00 -197.00 -87.00 -36.00 76.00 11.00 23.00 9.00 -38.00 1.00 0.00 0.00 0.00 0.00 0.00 0.00 0.00 0.00 0.00 0.00 0.00 0.00 0.00 0.00 
17.00 2.00 0.00 0.00 24.00 -23.00 -99.00 16.00 60.00 -67.00 -25.00 4.00 45.00 12.00 0.00 0.00 14.00 -10.00 -87.00 -36.00 76.00 11.00 23.00 9.00 -38.00 1.00 0.00 0.00 0.00 0.00 0.00 0.00 0.00 0.00 0.00 0.00 0.00 0.00 0.00 0.00 
17.00 2.00 0.00 0.00 0.00 205.00 -99.00 16.00 60.00 -67.00 -25.00 4.00 6.00 -3.00 0.00 0.00 -36.00 -197.00 -87.00 -36.00 76.00 11.00 23.00 9.00 -38.00 1.00 0.00 0.00 0.00 0.00 0.00 0.00 0.00 0.00 0.00 0.00 0.00 0.00 0.00 0.00 
17.00 2.00 0.00 0.00 24.00 -23.00 -99.00 16.00 60.00 -67.00 -25.00 4.00 45.00 12.00 0.00 0.00 14.00 -10.00 -87.00 -36.00 76.00 11.00 23.00 9.00 -38.00 1.00 0.00 0.00 0.00 0.00 0.00 0.00 0.00 0.00 0.00 0.00 0.00 0.00 0.00 0.00 
17.00 2.00 0.00 0.00 0.00 205.00 -99.00 16.00 60.00 -67.00 -25.00 4.00 6.00 -3.00 0.00 0.00 -36.00 -197.00 -87.00 -36.00 76.00 11.00 23.00 9.00 -38.00 1.00 0.00 0.00 0.00 0.00 0.00 0.00 0.00 0.00 0.00 0.00 0.00 0.00 0.00 0.00 
-50.00 22.00 0.00 0.00 0.00 205.00 -99.00 16.00 60.00 -67.00 -32.00 -20.00 43.00 15.00 0.00 0.00 -36.00 -197.00 -87.00 -36.00 76.00 11.00 23.00 9.00 -38.00 1.00 0.00 0.00 0.00 0.00 0.00 0.00 0.00 0.00 0.00 0.00 0.00 0.00 0.00 0.00 
-50.00 22.00 0.00 0.00 46.00 -10.00 -99.00 16.00 60.00 -67.00 -32.00 -20.00 43.00 15.00 0.00 0.00 2.00 -358.00 -87.00 -36.00 76.00 11.00 23.00 9.00 9.00 -15.00 0.00 0.00 0.00 0.00 0.00 0.00 0.00 0.00 0.00 0.00 0.00 0.00 0.00 0.00 
-50.00 22.00 0.00 0.00 0.00 205.00 -99.00 16.00 60.00 -67.00 -32.00 -20.00 43.00 15.00 0.00 0.00 -36.00 -197.00 -87.00 -36.00 76.00 11.00 23.00 9.00 -38.00 1.00 0.00 0.00 0.00 0.00 0.00 0.00 0.00 0.00 0.00 0.00 0.00 0.00 0.00 0.00 
-50.00 22.00 0.00 0.00 46.00 -10.00 -99.00 16.00 60.00 -67.00 -32.00 -20.00 43.00 15.00 0.00 0.00 2.00 -358.00 -87.00 -36.00 76.00 11.00 23.00 9.00 9.00 -15.00 0.00 0.00 0.00 0.00 0.00 0.00 0.00 0.00 0.00 0.00 0.00 0.00 0.00 0.00 
-50.00 22.00 0.00 0.00 0.00 205.00 -99.00 16.00 60.00 -67.00 -32.00 -20.00 43.00 15.00 0.00 0.00 -36.00 -197.00 -87.00 -36.00 76.00 11.00 23.00 9.00 -38.00 1.00 0.00 0.00 0.00 0.00 0.00 0.00 0.00 0.00 0.00 0.00 0.00 0.00 0.00 0.00 
-50.00 22.00 0.00 0.00 46.00 -10.00 -99.00 16.00 60.00 -67.00 -32.00 -20.00 43.00 15.00 0.00 0.00 2.00 -358.00 -87.00 -36.00 76.00 11.00 23.00 9.00 9.00 -15.00 0.00 0.00 0.00 0.00 0.00 0.00 0.00 0.00 0.00 0.00 0.00 0.00 0.00 0.00 
-19.00 17.00 0.00 0.00 51.00 164.00 13.00 535.00 -5.00 43.00 -4.00 -1.00 1.00 14.00 0.00 0.00 -41.00 -329.00 -7.00 -27.00 6.00 17.00 6.00 11.00 -3.00 -19.00 0.00 0.00 0.00 0.00 0.00 0.00 0.00 0.00 0.00 0.00 0.00 0.00 0.00 0.00 


0.00 0.00 -63.00 22.00 -40.00 -23.00 0.00 0.00 0.00 0.00 -41.00 -3.00 0.00 0.00 0.00 0.00 -35.00 7.00 -67.00 -30.00 76.00 7.00 0.00 0.00 0.00 0.00 0.00 0.00 0.00 0.00 0.00 0.00 0.00 0.00 0.00 0.00 0.00 0.00 0.00 0.00 
0.00 0.00 -63.00 22.00 -18.00 -2.00 0.00 0.00 0.00 0.00 -41.00 -3.00 0.00 0.00 0.00 0.00 -35.00 7.00 -67.00 -30.00 76.00 7.00 0.00 0.00 0.00 0.00 0.00 0.00 0.00 0.00 0.00 0.00 0.00 0.00 0.00 0.00 0.00 0.00 0.00 0.00 
0.00 0.00 -63.00 22.00 -40.00 -40.00 0.00 0.00 0.00 0.00 -41.00 -3.00 0.00 0.00 0.00 0.00 -35.00 7.00 -67.00 -30.00 76.00 7.00 0.00 0.00 0.00 0.00 0.00 0.00 0.00 0.00 0.00 0.00 0.00 0.00 0.00 0.00 0.00 0.00 0.00 0.00 
0.00 0.00 -63.00 22.00 -18.00 -2.00 0.00 0.00 0.00 0.00 -41.00 -3.00 0.00 0.00 0.00 0.00 -35.00 7.00 -67.00 -30.00 76.00 7.00 0.00 0.00 0.00 0.00 0.00 0.00 0.00 0.00 0.00 0.00 0.00 0.00 0.00 0.00 0.00 0.00 0.00 0.00 
0.00 0.00 -63.00 22.00 -40.00 -40.00 0.00 0.00 0.00 0.00 -41.00 -3.00 0.00 0.00 0.00 0.00 -35.00 7.00 -67.00 -30.00 76.00 7.00 0.00 0.00 0.00 0.00 0.00 0.00 0.00 0.00 0.00 0.00 0.00 0.00 0.00 0.00 0.00 0.00 0.00 0.00 
0.00 0.00 -63.00 22.00 -18.00 -2.00 0.00 0.00 0.00 0.00 -41.00 -3.00 0.00 0.00 0.00 0.00 -35.00 7.00 -67.00 -30.00 76.00 7.00 0.00 0.00 0.00 0.00 0.00 0.00 0.00 0.00 0.00 0.00 0.00 0.00 0.00 0.00 0.00 0.00 0.00 0.00 
0.00 0.00 -63.00 22.00 -40.00 -40.00 0.00 0.00 0.00 0.00 -41.00 -3.00 0.00 0.00 0.00 0.00 -35.00 7.00 -67.00 -30.00 76.00 7.00 0.00 0.00 0.00 0.00 0.00 0.00 0.00 0.00 0.00 0.00 0.00 0.00 0.00 0.00 0.00 0.00 0.00 0.00 
0.00 0.00 -41.00 39.00 40.00 -12.00 0.00 0.00 0.00 0.00 1.00 2.00 0.00 0.00 0.00 0.00 -36.00 -6.00 3.00 3.00 -6.00 2.00 0.00 0.00 0.00 0.00 0.00 0.00 0.00 0.00 0.00 0.00 0.00 0.00 0.00 0.00 0.00 0.00 0.00 0.00 



0.00 0.00 54.00 -8.00 24.00 2.00 84.00 32.00 -79.00 -22.00 0.00 0.00 0.00 0.00 0.00 0.00 37.00 -134.00 0.00 0.00 0.00 0.00 0.00 0.00 0.00 0.00 0.00 0.00 0.00 0.00 0.00 0.00 0.00 0.00 0.00 0.00 0.00 0.00 0.00 0.00 
0.00 0.00 54.00 -8.00 24.00 2.00 84.00 32.00 -79.00 -22.00 0.00 0.00 0.00 0.00 0.00 0.00 13.00 -87.00 0.00 0.00 0.00 0.00 0.00 0.00 0.00 0.00 0.00 0.00 0.00 0.00 0.00 0.00 0.00 0.00 0.00 0.00 0.00 0.00 0.00 0.00 
0.00 0.00 54.00 -8.00 24.00 2.00 84.00 32.00 -79.00 -22.00 0.00 0.00 0.00 0.00 0.00 0.00 37.00 -134.00 0.00 0.00 0.00 0.00 0.00 0.00 0.00 0.00 0.00 0.00 0.00 0.00 0.00 0.00 0.00 0.00 0.00 0.00 0.00 0.00 0.00 0.00 
0.00 0.00 54.00 -8.00 24.00 2.00 84.00 32.00 -79.00 -22.00 0.00 0.00 0.00 0.00 0.00 0.00 13.00 -87.00 0.00 0.00 0.00 0.00 0.00 0.00 0.00 0.00 0.00 0.00 0.00 0.00 0.00 0.00 0.00 0.00 0.00 0.00 0.00 0.00 0.00 0.00 
0.00 0.00 0.00 0.00 146.00 -73.00 0.00 0.00 0.00 0.00 0.00 0.00 0.00 0.00 0.00 0.00 -26.00 -37.00 0.00 0.00 0.00 0.00 0.00 0.00 0.00 0.00 0.00 0.00 0.00 0.00 0.00 0.00 0.00 0.00 0.00 0.00 0.00 0.00 0.00 0.00 
0.00 0.00 0.00 0.00 146.00 -73.00 31.00 36.00 0.00 0.00 0.00 0.00 0.00 0.00 0.00 0.00 -26.00 -37.00 30.00 43.00 0.00 0.00 0.00 0.00 0.00 0.00 0.00 0.00 0.00 0.00 0.00 0.00 0.00 0.00 0.00 0.00 0.00 0.00 0.00 0.00 
0.00 0.00 0.00 0.00 16.00 -61.00 -27.00 6.00 0.00 0.00 0.00 0.00 0.00 0.00 0.00 0.00 -152.00 -108.00 21.00 -75.00 0.00 0.00 0.00 0.00 0.00 0.00 0.00 0.00 0.00 0.00 0.00 0.00 0.00 0.00 0.00 0.00 0.00 0.00 0.00 0.00 
0.00 0.00 0.00 0.00 146.00 -73.00 31.00 36.00 0.00 0.00 0.00 0.00 0.00 0.00 0.00 0.00 -26.00 -37.00 30.00 43.00 0.00 0.00 0.00 0.00 0.00 0.00 0.00 0.00 0.00 0.00 0.00 0.00 0.00 0.00 0.00 0.00 0.00 0.00 0.00 0.00 
0.00 0.00 0.00 0.00 16.00 -61.00 -27.00 6.00 0.00 0.00 0.00 0.00 0.00 0.00 0.00 0.00 -152.00 -108.00 21.00 -75.00 0.00 0.00 0.00 0.00 0.00 0.00 0.00 0.00 0.00 0.00 0.00 0.00 0.00 0.00 0.00 0.00 0.00 0.00 0.00 0.00 
0.00 0.00 0.00 0.00 146.00 -73.00 31.00 36.00 0.00 0.00 0.00 0.00 0.00 0.00 0.00 0.00 -26.00 -37.00 30.00 43.00 0.00 0.00 0.00 0.00 0.00 0.00 0.00 0.00 0.00 0.00 0.00 0.00 0.00 0.00 0.00 0.00 0.00 0.00 0.00 0.00 
0.00 0.00 0.00 0.00 16.00 -61.00 -27.00 6.00 0.00 0.00 0.00 0.00 0.00 0.00 0.00 0.00 -152.00 -108.00 21.00 -75.00 0.00 0.00 0.00 0.00 0.00 0.00 0.00 0.00 0.00 0.00 0.00 0.00 0.00 0.00 0.00 0.00 0.00 0.00 0.00 0.00 
0.00 0.00 0.00 0.00 18.00 -63.00 3.00 76.00 0.00 0.00 0.00 0.00 0.00 0.00 0.00 0.00 -20.00 -292.00 -9.00 -65.00 0.00 0.00 0.00 0.00 0.00 0.00 0.00 0.00 0.00 0.00 0.00 0.00 0.00 0.00 0.00 0.00 0.00 0.00 0.00 0.00
0.00 0.00 0.00 0.00 97.00 -91.00 0.00 0.00 0.00 0.00 0.00 0.00 0.00 0.00 0.00 0.00 -101.00 -76.00 0.00 0.00 0.00 0.00 0.00 0.00 0.00 0.00 0.00 0.00 0.00 0.00 0.00 0.00 0.00 0.00 0.00 0.00 0.00 0.00 0.00 0.00 
0.00 0.00 0.00 0.00 -4.00 -68.00 0.00 0.00 0.00 0.00 0.00 0.00 0.00 0.00 0.00 0.00 11.00 -66.00 0.00 0.00 0.00 0.00 60.00 26.00 50.00 33.00 0.00 0.00 0.00 0.00 0.00 0.00 0.00 0.00 0.00 0.00 0.00 0.00 0.00 0.00 
0.00 0.00 0.00 0.00 -4.00 -68.00 0.00 0.00 0.00 0.00 0.00 0.00 0.00 0.00 0.00 0.00 11.00 -66.00 0.00 0.00 0.00 0.00 -1.00 4.00 0.00 -22.00 0.00 0.00 0.00 0.00 0.00 0.00 0.00 0.00 0.00 0.00 0.00 0.00 0.00 0.00 
0.00 0.00 0.00 0.00 98.00 -94.00 0.00 0.00 0.00 0.00 0.00 0.00 0.00 0.00 0.00 0.00 -101.00 -93.00 0.00 0.00 0.00 0.00 -1.00 4.00 0.00 -22.00 0.00 0.00 0.00 0.00 0.00 0.00 0.00 0.00 0.00 0.00 0.00 0.00 0.00 0.00 
0.00 0.00 0.00 0.00 -7.00 -86.00 0.00 0.00 0.00 0.00 -51.00 40.00 -69.00 3.00 0.00 0.00 2.00 -80.00 0.00 0.00 0.00 0.00 -1.00 4.00 0.00 -22.00 0.00 0.00 0.00 0.00 0.00 0.00 0.00 0.00 0.00 0.00 0.00 0.00 0.00 0.00 
0.00 0.00 0.00 0.00 -7.00 -86.00 0.00 0.00 0.00 0.00 0.00 8.00 2.00 -14.00 0.00 0.00 2.00 -80.00 0.00 0.00 0.00 0.00 -1.00 4.00 0.00 -22.00 0.00 0.00 0.00 0.00 0.00 0.00 0.00 0.00 0.00 0.00 0.00 0.00 0.00 0.00 
0.00 0.00 0.00 0.00 37.00 -12.00 0.00 0.00 0.00 0.00 0.00 0.00 0.00 0.00 0.00 0.00 -35.00 -15.00 0.00 0.00 0.00 0.00 -7.00 23.00 0.00 0.00 0.00 0.00 0.00 0.00 0.00 0.00 0.00 0.00 0.00 0.00 0.00 0.00 0.00 0.00 
0.00 0.00 0.00 0.00 37.00 -12.00 0.00 0.00 0.00 0.00 -5.00 -61.00 9.00 86.00 0.00 0.00 -35.00 -15.00 0.00 0.00 0.00 0.00 -7.00 23.00 0.00 0.00 0.00 0.00 0.00 0.00 0.00 0.00 0.00 0.00 0.00 0.00 0.00 0.00 0.00 0.00 
0.00 0.00 0.00 0.00 37.00 -12.00 0.00 0.00 0.00 0.00 30.00 -17.00 -1.00 10.00 0.00 0.00 -35.00 -15.00 0.00 0.00 0.00 0.00 -7.00 23.00 0.00 0.00 0.00 0.00 0.00 0.00 0.00 0.00 0.00 0.00 0.00 0.00 0.00 0.00 0.00 0.00 
94.00 3.00 0.00 0.00 37.00 -12.00 0.00 0.00 0.00 0.00 30.00 -17.00 -1.00 10.00 0.00 0.00 -35.00 -15.00 0.00 0.00 0.00 0.00 -7.00 23.00 0.00 0.00 0.00 0.00 0.00 0.00 0.00 0.00 0.00 0.00 0.00 0.00 0.00 0.00 0.00 0.00 
191.00 58.00 0.00 0.00 37.00 -12.00 0.00 0.00 0.00 0.00 12.00 -14.00 -1.00 10.00 0.00 0.00 -35.00 -15.00 0.00 0.00 0.00 0.00 -7.00 23.00 0.00 0.00 0.00 0.00 0.00 0.00 0.00 0.00 0.00 0.00 0.00 0.00 0.00 0.00 0.00 0.00 
272.00 252.00 0.00 0.00 37.00 -12.00 0.00 0.00 0.00 0.00 0.00 10.00 -1.00 10.00 0.00 0.00 -35.00 -15.00 0.00 0.00 0.00 0.00 -7.00 23.00 0.00 0.00 0.00 0.00 0.00 0.00 0.00 0.00 0.00 0.00 0.00 0.00 0.00 0.00 0.00 0.00 
361.00 407.00 0.00 0.00 37.00 -12.00 0.00 0.00 0.00 0.00 0.00 10.00 -1.00 10.00 0.00 0.00 -35.00 -15.00 0.00 0.00 0.00 0.00 -1.00 12.00 0.00 0.00 0.00 0.00 0.00 0.00 0.00 0.00 0.00 0.00 0.00 0.00 0.00 0.00 0.00 0.00 
0.00 0.00 0.00 0.00 -12.00 0.00 0.00 0.00 0.00 0.00 -3.00 -28.00 -4.00 44.00 0.00 0.00 -139.00 5.00 0.00 0.00 0.00 0.00 0.00 0.00 0.00 0.00 0.00 0.00 0.00 0.00 0.00 0.00 0.00 0.00 0.00 0.00 0.00 0.00 0.00 0.00 
0.00 0.00 0.00 0.00 -33.00 -26.00 0.00 0.00 0.00 0.00 0.00 -46.00 -4.00 2.00 0.00 0.00 -174.00 -7.00 0.00 0.00 0.00 0.00 0.00 0.00 0.00 0.00 0.00 0.00 0.00 0.00 0.00 0.00 0.00 0.00 0.00 0.00 0.00 0.00 0.00 0.00 
0.00 0.00 0.00 0.00 34.00 -17.00 0.00 0.00 0.00 0.00 -1.00 0.00 1.00 9.00 0.00 0.00 -38.00 -16.00 0.00 0.00 0.00 0.00 0.00 0.00 0.00 0.00 0.00 0.00 0.00 0.00 0.00 0.00 0.00 0.00 0.00 0.00 0.00 0.00 0.00 0.00 
0.00 0.00 0.00 0.00 137.00 -15.00 0.00 0.00 0.00 0.00 -1.00 0.00 1.00 9.00 0.00 0.00 -7.00 -18.00 0.00 0.00 0.00 0.00 9.00 -32.00 -11.00 46.00 0.00 0.00 0.00 0.00 0.00 0.00 0.00 0.00 0.00 0.00 0.00 0.00 0.00 0.00 
0.00 0.00 0.00 0.00 174.00 -193.00 0.00 0.00 0.00 0.00 -1.00 0.00 1.00 9.00 0.00 0.00 29.00 -10.00 0.00 0.00 0.00 0.00 13.00 -68.00 -9.00 27.00 0.00 0.00 0.00 0.00 0.00 0.00 0.00 0.00 0.00 0.00 0.00 0.00 0.00 0.00 
0.00 0.00 0.00 0.00 50.00 -20.00 0.00 0.00 0.00 0.00 -1.00 0.00 1.00 9.00 0.00 0.00 -50.00 -20.00 0.00 0.00 0.00 0.00 2.00 -6.00 -1.00 5.00 0.00 0.00 0.00 0.00 0.00 0.00 0.00 0.00 0.00 0.00 0.00 0.00 0.00 0.00 
0.00 0.00 0.00 0.00 100.00 -109.00 0.00 0.00 0.00 0.00 -2.00 -39.00 -1.00 56.00 0.00 0.00 -98.00 -98.00 0.00 0.00 0.00 0.00 0.00 0.00 0.00 0.00 0.00 0.00 0.00 0.00 0.00 0.00 0.00 0.00 0.00 0.00 0.00 0.00 0.00 0.00 
-4.00 1.00 52.00 1.00 0.00 -50.00 0.00 0.00 0.00 0.00 -60.00 14.00 0.00 0.00 0.00 0.00 36.00 -54.00 0.00 0.00 0.00 0.00 8.00 -4.00 0.00 0.00 0.00 0.00 0.00 0.00 0.00 0.00 0.00 0.00 0.00 0.00 0.00 0.00 0.00 0.00 
-1.00 2.00 -14.00 20.00 45.00 -11.00 0.00 0.00 0.00 0.00 0.00 -4.00 0.00 0.00 0.00 0.00 -45.00 -11.00 0.00 0.00 0.00 0.00 5.00 7.00 0.00 0.00 0.00 0.00 0.00 0.00 0.00 0.00 0.00 0.00 0.00 0.00 0.00 0.00 0.00 0.00 
0.00 0.00 0.00 0.00 37.00 -12.00 0.00 0.00 0.00 0.00 0.00 0.00 0.00 0.00 0.00 0.00 -35.00 -15.00 0.00 0.00 0.00 0.00 -7.00 23.00 0.00 0.00 0.00 0.00 0.00 0.00 0.00 0.00 0.00 0.00 0.00 0.00 0.00 0.00 0.00 0.00 
0.00 0.00 0.00 0.00 37.00 -12.00 0.00 0.00 0.00 0.00 -5.00 -61.00 9.00 86.00 0.00 0.00 -35.00 -15.00 0.00 0.00 0.00 0.00 -7.00 23.00 0.00 0.00 0.00 0.00 0.00 0.00 0.00 0.00 0.00 0.00 0.00 0.00 0.00 0.00 0.00 0.00 
0.00 0.00 0.00 0.00 37.00 -12.00 0.00 0.00 0.00 0.00 30.00 -17.00 -1.00 10.00 0.00 0.00 -35.00 -15.00 0.00 0.00 0.00 0.00 -7.00 23.00 0.00 0.00 0.00 0.00 0.00 0.00 0.00 0.00 0.00 0.00 0.00 0.00 0.00 0.00 0.00 0.00 
94.00 3.00 0.00 0.00 37.00 -12.00 0.00 0.00 0.00 0.00 30.00 -17.00 -1.00 10.00 0.00 0.00 -35.00 -15.00 0.00 0.00 0.00 0.00 -7.00 23.00 0.00 0.00 0.00 0.00 0.00 0.00 0.00 0.00 0.00 0.00 0.00 0.00 0.00 0.00 0.00 0.00 
191.00 58.00 0.00 0.00 37.00 -12.00 0.00 0.00 0.00 0.00 12.00 -14.00 -1.00 10.00 0.00 0.00 -35.00 -15.00 0.00 0.00 0.00 0.00 -7.00 23.00 0.00 0.00 0.00 0.00 0.00 0.00 0.00 0.00 0.00 0.00 0.00 0.00 0.00 0.00 0.00 0.00 
272.00 252.00 0.00 0.00 37.00 -12.00 0.00 0.00 0.00 0.00 0.00 10.00 -1.00 10.00 0.00 0.00 -35.00 -15.00 0.00 0.00 0.00 0.00 -7.00 23.00 0.00 0.00 0.00 0.00 0.00 0.00 0.00 0.00 0.00 0.00 0.00 0.00 0.00 0.00 0.00 0.00 
361.00 407.00 0.00 0.00 37.00 -12.00 0.00 0.00 0.00 0.00 0.00 10.00 -1.00 10.00 0.00 0.00 -35.00 -15.00 0.00 0.00 0.00 0.00 -1.00 12.00 0.00 0.00 0.00 0.00 0.00 0.00 0.00 0.00 0.00 0.00 0.00 0.00 0.00 0.00 0.00 0.00 
0.00 0.00 0.00 0.00 37.00 -12.00 0.00 0.00 0.00 0.00 0.00 0.00 0.00 0.00 0.00 0.00 -35.00 -15.00 0.00 0.00 0.00 0.00 -7.00 23.00 0.00 0.00 0.00 0.00 0.00 0.00 0.00 0.00 0.00 0.00 0.00 0.00 0.00 0.00 0.00 0.00 
